%% Color map for visualizing Ca2+ neural responses.
%Based on Anna Ostenrath's Beachvibe color scheme.
%Original on: https://github.com/yaksilab/mGluRpaper/

%Author: Anh-Tuan Trinh
%Updated June 2026: For Trinh et al., (2026)
%%
function cm_data = beachVibes(m)

cm = [0.253906250000000	0.410156250000000	0.878906250000000
0.258028423366834	0.415338410804020	0.880319566582915
0.262150596733668	0.420520571608040	0.881732883165829
0.266272770100503	0.425702732412060	0.883146199748744
0.270394943467337	0.430884893216081	0.884559516331658
0.274517116834171	0.436067054020101	0.885972832914573
0.278639290201005	0.441249214824121	0.887386149497487
0.282761463567839	0.446431375628141	0.888799466080402
0.286883636934673	0.451613536432161	0.890212782663316
0.291005810301508	0.456795697236181	0.891626099246231
0.295127983668342	0.461977858040201	0.893039415829146
0.299250157035176	0.467160018844221	0.894452732412060
0.303372330402010	0.472342179648241	0.895866048994975
0.307494503768844	0.477524340452262	0.897279365577889
0.311616677135679	0.482706501256282	0.898692682160804
0.315738850502513	0.487888662060302	0.900105998743718
0.319861023869347	0.493070822864322	0.901519315326633
0.323983197236181	0.498252983668342	0.902932631909547
0.328105370603015	0.503435144472362	0.904345948492462
0.332227543969849	0.508617305276382	0.905759265075376
0.336349717336684	0.513799466080402	0.907172581658291
0.340471890703518	0.518981626884423	0.908585898241206
0.344594064070352	0.524163787688443	0.909999214824120
0.348716237437186	0.529345948492463	0.911412531407035
0.352838410804020	0.534528109296483	0.912825847989949
0.356960584170855	0.539710270100503	0.914239164572864
0.361082757537689	0.544892430904523	0.915652481155778
0.365204930904523	0.550074591708543	0.917065797738693
0.369327104271357	0.555256752512563	0.918479114321607
0.373449277638191	0.560438913316584	0.919892430904522
0.377571451005025	0.565621074120604	0.921305747487436
0.381693624371860	0.570803234924624	0.922719064070351
0.385815797738694	0.575985395728644	0.924132380653266
0.390625000000000	0.582031250000000	0.925781250000000
0.408998115577889	0.594005182160804	0.927390860552764
0.427371231155779	0.605979114321608	0.929000471105528
0.445744346733668	0.617953046482412	0.930610081658291
0.464117462311558	0.629926978643216	0.932219692211055
0.482490577889447	0.641900910804020	0.933829302763819
0.500863693467337	0.653874842964824	0.935438913316583
0.519236809045226	0.665848775125628	0.937048523869346
0.537609924623116	0.677822707286432	0.938658134422110
0.555983040201005	0.689796639447236	0.940267744974874
0.574356155778895	0.701770571608040	0.941877355527638
0.592729271356784	0.713744503768844	0.943486966080401
0.611102386934673	0.725718435929648	0.945096576633165
0.629475502512563	0.737692368090452	0.946706187185929
0.647848618090452	0.749666300251256	0.948315797738693
0.666221733668342	0.761640232412060	0.949925408291456
0.684594849246231	0.773614164572864	0.951535018844220
0.702967964824121	0.785588096733668	0.953144629396984
0.721341080402010	0.797562028894472	0.954754239949748
0.739714195979900	0.809535961055276	0.956363850502512
0.758087311557789	0.821509893216080	0.957973461055275
0.776460427135679	0.833483825376884	0.959583071608039
0.794833542713568	0.845457757537688	0.961192682160803
0.813206658291457	0.857431689698492	0.962802292713567
0.831579773869347	0.869405621859296	0.964411903266330
0.849952889447236	0.881379554020100	0.966021513819094
0.868326005025126	0.893353486180904	0.967631124371858
0.886699120603015	0.905327418341708	0.969240734924622
0.905072236180905	0.917301350502512	0.970850345477385
0.923445351758794	0.929275282663316	0.972459956030149
0.941818467336684	0.941249214824120	0.974069566582913
0.960191582914573	0.953223146984924	0.975679177135677
0.978564698492463	0.965197079145728	0.977288787688440
1	0.979166666666667	0.979166666666667
1	0.979166666666667	0.979166666666667
1	0.979166666666667	0.979166666666667
1	0.979166666666667	0.979166666666667
1	0.979166666666667	0.979166666666667
1	0.979166666666667	0.979166666666667
1	0.979166666666667	0.979166666666667
1	0.979166666666667	0.979166666666667
1	0.979166666666667	0.979166666666667
1	0.979166666666667	0.979166666666667
1	0.979166666666667	0.979166666666667
1	0.979166666666667	0.979166666666667
1	0.979166666666667	0.979166666666667
1	0.979166666666667	0.979166666666667
1	0.979166666666667	0.979166666666667
1	0.979166666666667	0.979166666666667
1	0.979166666666667	0.979166666666667
1	0.979166666666667	0.979166666666667
1	0.979166666666667	0.979166666666667
1	0.979166666666667	0.979166666666667
1	0.979166666666667	0.979166666666667
1	0.979166666666667	0.979166666666667
1	0.979166666666667	0.979166666666667
0.998618090452261	0.968959380234506	0.960950586264657
0.997236180904523	0.958752093802345	0.942734505862647
0.995854271356784	0.948544807370184	0.924518425460637
0.994472361809045	0.938337520938023	0.906302345058626
0.993090452261307	0.928130234505862	0.888086264656616
0.991708542713568	0.917922948073702	0.869870184254606
0.990326633165830	0.907715661641541	0.851654103852596
0.988944723618091	0.897508375209380	0.833438023450586
0.987562814070352	0.887301088777219	0.815221943048576
0.986180904522614	0.877093802345058	0.797005862646566
0.984798994974875	0.866886515912897	0.778789782244556
0.983417085427136	0.856679229480737	0.760573701842546
0.982035175879398	0.846471943048576	0.742357621440536
0.980653266331659	0.836264656616415	0.724141541038526
0.979271356783920	0.826057370184254	0.705925460636516
0.977889447236182	0.815850083752093	0.687709380234506
0.976507537688443	0.805642797319932	0.669493299832496
0.975125628140704	0.795435510887771	0.651277219430486
0.973743718592966	0.785228224455611	0.633061139028476
0.972361809045227	0.775020938023450	0.614845058626465
0.970979899497488	0.764813651591289	0.596628978224455
0.969597989949750	0.754606365159128	0.578412897822445
0.968216080402011	0.744399078726967	0.560196817420435
0.966834170854273	0.734191792294806	0.541980737018425
0.965452261306534	0.723984505862646	0.523764656616415
0.964070351758795	0.713777219430485	0.505548576214405
0.962688442211057	0.703569932998324	0.487332495812395
0.961306532663318	0.693362646566163	0.469116415410385
0.959924623115579	0.683155360134002	0.450900335008375
0.958542713567841	0.672948073701841	0.432684254606365
0.957160804020102	0.662740787269680	0.414468174204355
0.955778894472363	0.652533500837520	0.396252093802345
0.954166666666667	0.640625000000000	0.375000000000000
0.955548576214405	0.637798366834171	0.363693467336683
0.956930485762144	0.634971733668342	0.352386934673367
0.958312395309883	0.632145100502513	0.341080402010050
0.959694304857621	0.629318467336684	0.329773869346734
0.961076214405360	0.626491834170855	0.318467336683417
0.962458123953099	0.623665201005025	0.307160804020100
0.963840033500837	0.620838567839196	0.295854271356784
0.965221943048576	0.618011934673367	0.284547738693467
0.966603852596315	0.615185301507538	0.273241206030151
0.967985762144053	0.612358668341709	0.261934673366834
0.969367671691792	0.609532035175880	0.250628140703517
0.970749581239531	0.606705402010051	0.239321608040201
0.972131490787269	0.603878768844222	0.228015075376884
0.973513400335008	0.601052135678393	0.216708542713568
0.974895309882746	0.598225502512564	0.205402010050251
0.976277219430485	0.595398869346735	0.194095477386934
0.977659128978224	0.592572236180905	0.182788944723618
0.979041038525962	0.589745603015076	0.171482412060301
0.980422948073701	0.586918969849247	0.160175879396985
0.981804857621440	0.584092336683418	0.148869346733668
0.983186767169178	0.581265703517589	0.137562814070352
0.984568676716917	0.578439070351760	0.126256281407035
0.985950586264656	0.575612437185931	0.114949748743718
0.987332495812394	0.572785804020102	0.103643216080402
0.988714405360133	0.569959170854273	0.0923366834170853
