%% Color map for visualizing the Topography of sensory selective neurons

%Author: Annna Ostenrath & Anh-Tuan Trinh
%Updated June 2026: For Trinh et al., (2026)

%%
%Color ranges from teal to orange
function cm_data = Colormap_LightTap(m)
cm = [0	0.500000000000000	0.500000000000000
0	0.500000000000000	0.500000000000000
0	0.500000000000000	0.500000000000000
0	0.500000000000000	0.500000000000000
0	0.500000000000000	0.500000000000000
0	0.500000000000000	0.500000000000000
0	0.500000000000000	0.500000000000000
0	0.500000000000000	0.500000000000000
0	0.500000000000000	0.500000000000000
0	0.500000000000000	0.500000000000000
0	0.500000000000000	0.500000000000000
0	0.500000000000000	0.500000000000000
0	0.500000000000000	0.500000000000000
0	0.500000000000000	0.500000000000000
0	0.500000000000000	0.500000000000000
0	0.503022927135678	0.503022927135678
0	0.506045854271357	0.506045854271357
0	0.509068781407035	0.509068781407035
0	0.512091708542714	0.512091708542714
0	0.515114635678392	0.515114635678392
0	0.518137562814071	0.518137562814071
0	0.521160489949749	0.521160489949749
0	0.524183417085427	0.524183417085427
0	0.527206344221106	0.527206344221106
0	0.530229271356784	0.530229271356784
0	0.533252198492463	0.533252198492463
0	0.536275125628141	0.536275125628141
0	0.539298052763820	0.539298052763820
0	0.542968750000000	0.542968750000000
0	0.542968750000000	0.542968750000000
0	0.542968750000000	0.542968750000000
0	0.542968750000000	0.542968750000000
0	0.542968750000000	0.542968750000000
0	0.542968750000000	0.542968750000000
0	0.542968750000000	0.542968750000000
0	0.542968750000000	0.542968750000000
0	0.542968750000000	0.542968750000000
0	0.542968750000000	0.542968750000000
0	0.542968750000000	0.542968750000000
0	0.542968750000000	0.542968750000000
0	0.542968750000000	0.542968750000000
0	0.542968750000000	0.542968750000000
0	0.542968750000000	0.542968750000000
0.00879396984924623	0.553686400753769	0.551487908291457
0.0175879396984925	0.564404051507538	0.560007066582915
0.0263819095477387	0.575121702261307	0.568526224874372
0.0351758793969849	0.585839353015075	0.577045383165829
0.0439698492462312	0.596557003768844	0.585564541457287
0.0527638190954774	0.607274654522613	0.594083699748744
0.0615577889447236	0.617992305276382	0.602602858040201
0.0703517587939698	0.628709956030151	0.611122016331659
0.0791457286432161	0.639427606783920	0.619641174623116
0.0879396984924623	0.650145257537689	0.628160332914573
0.0967336683417085	0.660862908291457	0.636679491206031
0.105527638190955	0.671580559045226	0.645198649497488
0.114321608040201	0.682298209798995	0.653717807788945
0.125000000000000	0.695312500000000	0.664062500000000
0.125000000000000	0.695312500000000	0.664062500000000
0.125000000000000	0.695312500000000	0.664062500000000
0.125000000000000	0.695312500000000	0.664062500000000
0.125000000000000	0.695312500000000	0.664062500000000
0.125000000000000	0.695312500000000	0.664062500000000
0.125000000000000	0.695312500000000	0.664062500000000
0.125000000000000	0.695312500000000	0.664062500000000
0.125000000000000	0.695312500000000	0.664062500000000
0.125000000000000	0.695312500000000	0.664062500000000
0.125000000000000	0.695312500000000	0.664062500000000
0.125000000000000	0.695312500000000	0.664062500000000
0.125000000000000	0.695312500000000	0.664062500000000
0.125000000000000	0.695312500000000	0.664062500000000
0.125000000000000	0.695312500000000	0.664062500000000
0.176664572864322	0.706854585427136	0.677803077889447
0.228329145728643	0.718396670854271	0.691543655778895
0.279993718592965	0.729938756281407	0.705284233668342
0.331658291457287	0.741480841708543	0.719024811557789
0.383322864321608	0.753022927135678	0.732765389447236
0.434987437185930	0.764565012562814	0.746505967336684
0.486652010050251	0.776107097989950	0.760246545226131
0.538316582914573	0.787649183417085	0.773987123115578
0.589981155778895	0.799191268844221	0.787727701005025
0.641645728643216	0.810733354271356	0.801468278894473
0.693310301507538	0.822275439698492	0.815208856783920
0.744974874371859	0.833817525125628	0.828949434673367
0.796639447236181	0.845359610552763	0.842690012562815
0.859375000000000	0.859375000000000	0.859375000000000
0.866336892797320	0.866336892797320	0.866336892797320
0.873298785594640	0.873298785594640	0.873298785594640
0.880260678391960	0.880260678391960	0.880260678391960
0.887222571189280	0.887222571189280	0.887222571189280
0.894184463986600	0.894184463986600	0.894184463986600
0.901146356783920	0.901146356783920	0.901146356783920
0.908108249581240	0.908108249581240	0.908108249581240
0.915070142378560	0.915070142378560	0.915070142378560
0.922032035175880	0.922032035175880	0.922032035175880
0.928993927973200	0.928993927973200	0.928993927973200
0.935955820770520	0.935955820770520	0.935955820770520
0.942917713567840	0.942917713567840	0.942917713567840
0.949879606365159	0.949879606365159	0.949879606365159
0.958333333333333	0.958333333333333	0.958333333333333
0.951371440536013	0.951371440536013	0.951371440536013
0.944409547738694	0.944409547738694	0.944409547738694
0.937447654941374	0.937447654941374	0.937447654941374
0.930485762144054	0.930485762144054	0.930485762144054
0.923523869346734	0.923523869346734	0.923523869346734
0.916561976549414	0.916561976549414	0.916561976549414
0.909600083752094	0.909600083752094	0.909600083752094
0.902638190954774	0.902638190954774	0.902638190954774
0.895676298157454	0.895676298157454	0.895676298157454
0.888714405360134	0.888714405360134	0.888714405360134
0.881752512562814	0.881752512562814	0.881752512562814
0.874790619765494	0.874790619765494	0.874790619765494
0.867828726968174	0.867828726968174	0.867828726968174
0.859375000000000	0.859375000000000	0.859375000000000
0.869268216080402	0.844260364321608	0.798916457286432
0.879161432160804	0.829145728643216	0.738457914572864
0.889054648241206	0.814031092964824	0.677999371859296
0.898947864321608	0.798916457286432	0.617540829145729
0.908841080402010	0.783801821608040	0.557082286432161
0.918734296482412	0.768687185929648	0.496623743718593
0.928627512562814	0.753572550251256	0.436165201005025
0.938520728643217	0.738457914572864	0.375706658291457
0.948413944723619	0.723343278894472	0.315248115577889
0.958307160804021	0.708228643216080	0.254789572864322
0.968200376884423	0.693114007537688	0.194331030150754
0.978093592964825	0.677999371859296	0.133872487437186
0.987986809045227	0.662884736180904	0.0734139447236180
1	0.644531250000000	0
1	0.644531250000000	0
1	0.644531250000000	0
1	0.644531250000000	0
1	0.644531250000000	0
1	0.644531250000000	0
1	0.644531250000000	0
1	0.644531250000000	0
1	0.644531250000000	0
1	0.644531250000000	0
1	0.644531250000000	0
1	0.644531250000000	0
1	0.644531250000000	0
1	0.644531250000000	0
1	0.644531250000000	0
1	0.637660961055276	0
1	0.630790672110553	0
1	0.623920383165829	0
1	0.617050094221106	0
1	0.610179805276382	0
1	0.603309516331658	0
1	0.596439227386935	0
1	0.589568938442211	0
1	0.582698649497487	0
1	0.575828360552764	0
1	0.568958071608040	0
1	0.562087782663316	0
1	0.555217493718593	0
1	0.546875000000000	0
1	0.546875000000000	0
1	0.546875000000000	0
1	0.546875000000000	0
1	0.546875000000000	0
1	0.546875000000000	0
1	0.546875000000000	0
1	0.546875000000000	0
1	0.546875000000000	0
1	0.546875000000000	0
1	0.546875000000000	0
1	0.546875000000000	0
1	0.546875000000000	0
1	0.546875000000000	0
1	0.546875000000000	0
1	0.527363379396985	0
1	0.507851758793970	0
1	0.488340138190955	0
1	0.468828517587940	0
1	0.449316896984925	0
1	0.429805276381910	0
1	0.410293655778895	0
1	0.390782035175879	0
1	0.371270414572864	0
1	0.351758793969849	0
1	0.332247173366834	0
1	0.312735552763819	0
1	0.293223932160804	0
1	0.269531250000000	0
1	0.269531250000000	0
1	0.269531250000000	0
1	0.269531250000000	0
1	0.269531250000000	0
1	0.269531250000000	0
1	0.269531250000000	0
1	0.269531250000000	0
