%% Color map for visualizing the Spatial Density of positively responding (Excited) neurons

%Author: Anh-Tuan Trinh
%Updated June 2026: For Trinh et al., (2026)
%%
function cm_data = ColorLegend_positive(m)

%From light red to dark red (custom)
cm=[0.937500000000000	0.500000000000000	0.500000000000000
0.938128140703518	0.494974874371859	0.494974874371859
0.938756281407035	0.489949748743719	0.489949748743719
0.939384422110553	0.484924623115578	0.484924623115578
0.940012562814070	0.479899497487437	0.479899497487437
0.940640703517588	0.474874371859296	0.474874371859296
0.941268844221106	0.469849246231156	0.469849246231156
0.941896984924623	0.464824120603015	0.464824120603015
0.942525125628141	0.459798994974874	0.459798994974874
0.943153266331658	0.454773869346734	0.454773869346734
0.943781407035176	0.449748743718593	0.449748743718593
0.944409547738693	0.444723618090452	0.444723618090452
0.945037688442211	0.439698492462311	0.439698492462311
0.945665829145729	0.434673366834171	0.434673366834171
0.946293969849246	0.429648241206030	0.429648241206030
0.946922110552764	0.424623115577889	0.424623115577889
0.947550251256281	0.419597989949748	0.419597989949748
0.948178391959799	0.414572864321608	0.414572864321608
0.948806532663316	0.409547738693467	0.409547738693467
0.949434673366834	0.404522613065326	0.404522613065326
0.950062814070352	0.399497487437186	0.399497487437186
0.950690954773869	0.394472361809045	0.394472361809045
0.951319095477387	0.389447236180904	0.389447236180904
0.951947236180904	0.384422110552763	0.384422110552763
0.952575376884422	0.379396984924623	0.379396984924623
0.953203517587939	0.374371859296482	0.374371859296482
0.953831658291457	0.369346733668341	0.369346733668341
0.954459798994975	0.364321608040200	0.364321608040200
0.955087939698492	0.359296482412060	0.359296482412060
0.955716080402010	0.354271356783919	0.354271356783919
0.956344221105527	0.349246231155778	0.349246231155778
0.956972361809045	0.344221105527638	0.344221105527638
0.957600502512563	0.339195979899497	0.339195979899497
0.958228643216080	0.334170854271356	0.334170854271356
0.958856783919598	0.329145728643215	0.329145728643215
0.959484924623115	0.324120603015075	0.324120603015075
0.960113065326633	0.319095477386934	0.319095477386934
0.960741206030150	0.314070351758793	0.314070351758793
0.961369346733668	0.309045226130652	0.309045226130652
0.961997487437186	0.304020100502512	0.304020100502512
0.962625628140703	0.298994974874371	0.298994974874371
0.963253768844221	0.293969849246230	0.293969849246230
0.963881909547738	0.288944723618090	0.288944723618090
0.964510050251256	0.283919597989949	0.283919597989949
0.965138190954773	0.278894472361808	0.278894472361808
0.965766331658291	0.273869346733667	0.273869346733667
0.966394472361809	0.268844221105527	0.268844221105527
0.967022613065326	0.263819095477386	0.263819095477386
0.967650753768844	0.258793969849245	0.258793969849245
0.968278894472361	0.253768844221104	0.253768844221104
0.968907035175879	0.248743718592964	0.248743718592964
0.969535175879396	0.243718592964823	0.243718592964823
0.970163316582914	0.238693467336682	0.238693467336682
0.970791457286432	0.233668341708542	0.233668341708542
0.971419597989949	0.228643216080401	0.228643216080401
0.972047738693467	0.223618090452260	0.223618090452260
0.972675879396984	0.218592964824120	0.218592964824120
0.973304020100502	0.213567839195979	0.213567839195979
0.973932160804020	0.208542713567838	0.208542713567838
0.974560301507537	0.203517587939698	0.203517587939698
0.975188442211055	0.198492462311557	0.198492462311557
0.975816582914572	0.193467336683416	0.193467336683416
0.976444723618090	0.188442211055275	0.188442211055275
0.977072864321607	0.183417085427135	0.183417085427135
0.977701005025125	0.178391959798994	0.178391959798994
0.978329145728643	0.173366834170853	0.173366834170853
0.978957286432160	0.168341708542713	0.168341708542713
0.979585427135678	0.163316582914572	0.163316582914572
0.980213567839195	0.158291457286431	0.158291457286431
0.980841708542713	0.153266331658291	0.153266331658291
0.981469849246230	0.148241206030150	0.148241206030150
0.982097989949748	0.143216080402009	0.143216080402009
0.982726130653266	0.138190954773868	0.138190954773868
0.983354271356783	0.133165829145728	0.133165829145728
0.983982412060301	0.128140703517587	0.128140703517587
0.984610552763818	0.123115577889446	0.123115577889446
0.985238693467336	0.118090452261306	0.118090452261306
0.985866834170853	0.113065326633165	0.113065326633165
0.986494974874371	0.108040201005024	0.108040201005024
0.987123115577889	0.103015075376884	0.103015075376884
0.987751256281406	0.0979899497487428	0.0979899497487428
0.988379396984924	0.0929648241206021	0.0929648241206021
0.989007537688441	0.0879396984924614	0.0879396984924614
0.989635678391959	0.0829145728643208	0.0829145728643208
0.990263819095476	0.0778894472361801	0.0778894472361801
0.990891959798994	0.0728643216080394	0.0728643216080394
0.991520100502512	0.0678391959798987	0.0678391959798987
0.992148241206029	0.0628140703517580	0.0628140703517580
0.992776381909547	0.0577889447236173	0.0577889447236173
0.993404522613064	0.0527638190954766	0.0527638190954766
0.994032663316582	0.0477386934673358	0.0477386934673358
0.994660804020100	0.0427135678391951	0.0427135678391951
0.995288944723617	0.0376884422110544	0.0376884422110544
0.995917085427135	0.0326633165829137	0.0326633165829137
0.996545226130652	0.0276381909547730	0.0276381909547730
0.997173366834170	0.0226130653266323	0.0226130653266323
0.997801507537687	0.0175879396984916	0.0175879396984916
0.998429648241205	0.0125628140703509	0.0125628140703509
0.999057788944723	0.00753768844221021	0.00753768844221021
1	0	0
0.995406721105528	0	0
0.990813442211055	0	0
0.986220163316583	0	0
0.981626884422111	0	0
0.977033605527638	0	0
0.972440326633166	0	0
0.967847047738694	0	0
0.963253768844221	0	0
0.958660489949749	0	0
0.954067211055276	0	0
0.949473932160804	0	0
0.944880653266332	0	0
0.940287374371859	0	0
0.935694095477387	0	0
0.931100816582915	0	0
0.926507537688442	0	0
0.921914258793970	0	0
0.917320979899498	0	0
0.912727701005025	0	0
0.908134422110553	0	0
0.903541143216080	0	0
0.898947864321608	0	0
0.894354585427136	0	0
0.889761306532663	0	0
0.885168027638191	0	0
0.880574748743719	0	0
0.875981469849246	0	0
0.871388190954774	0	0
0.866794912060302	0	0
0.862201633165829	0	0
0.857608354271357	0	0
0.853015075376884	0	0
0.848421796482412	0	0
0.843828517587940	0	0
0.839235238693467	0	0
0.834641959798995	0	0
0.830048680904523	0	0
0.825455402010050	0	0
0.820862123115578	0	0
0.816268844221106	0	0
0.811675565326633	0	0
0.807082286432161	0	0
0.802489007537688	0	0
0.797895728643216	0	0
0.793302449748744	0	0
0.788709170854271	0	0
0.784115891959799	0	0
0.779522613065327	0	0
0.774929334170854	0	0
0.770336055276382	0	0
0.765742776381910	0	0
0.761149497487437	0	0
0.756556218592965	0	0
0.751962939698492	0	0
0.747369660804020	0	0
0.742776381909548	0	0
0.738183103015075	0	0
0.733589824120603	0	0
0.728996545226131	0	0
0.724403266331658	0	0
0.719809987437186	0	0
0.715216708542714	0	0
0.710623429648241	0	0
0.706030150753769	0	0
0.701436871859296	0	0
0.696843592964824	0	0
0.692250314070352	0	0
0.687657035175879	0	0
0.683063756281407	0	0
0.678470477386935	0	0
0.673877198492462	0	0
0.669283919597990	0	0
0.664690640703518	0	0
0.660097361809045	0	0
0.655504082914573	0	0
0.650910804020100	0	0
0.646317525125628	0	0
0.641724246231156	0	0
0.637130967336683	0	0
0.632537688442211	0	0
0.627944409547739	0	0
0.623351130653266	0	0
0.618757851758794	0	0
0.614164572864322	0	0
0.609571293969849	0	0
0.604978015075377	0	0
0.600384736180904	0	0
0.595791457286432	0	0
0.591198178391960	0	0
0.586604899497487	0	0
0.582011620603015	0	0
0.577418341708543	0	0
0.572825062814070	0	0
0.568231783919598	0	0
0.563638505025126	0	0
0.559045226130653	0	0
0.554451947236181	0	0
